0000 00
0000 01
0000 10
0000 11
0001 00
0001 01
0001 10
0001 11
0010 00
0010 01
0010 10
0010 11
0011 00
0011 01
0011 10
0011 11
0100 00
0100 01
0100 10
0100 11
0101 00
0101 01
0101 10
0101 11
0110 00
0110 01
0110 10
0110 11
0111 00
0111 01
0111 10
0111 11
1000 00
1000 01
1000 10
1000 11
1001 00
1001 01
1001 10
1001 11
1010 00
1010 01
1010 10
1010 11
1011 00
1011 01
1011 10
1011 11
1100 00
1100 01
1100 10
1100 11
1101 00
1101 01
1101 10
1101 11
1110 00
1110 01
1110 10
1110 11
1111 00
1111 01
1111 10
1111 11