000000
000000
000000
000000
000000
000001
000010
000011
000000
000010
000100
000110
000000
000011
000110
001001
000000
000100
001000
001100
000000
000101
001010
001111
000000
000110
001100
010010
000000
000111
001110
010101
000000
001000
010000
011000
000000
001001
010010
011011
000000
001010
010100
011110
000000
001011
010110
100001
000000
001100
011000
100100
000000
001101
011010
100111
000000
001110
011100
101010
000000
001111
011110
101101
